Wannier center:
x: 0.3749956964
y: -0.0000000000
z: -0.0000000000
